  -2.18556941E-08  0.499509513       9.99999978E-03
  -4.37113883E-08  0.998037994       1.99999996E-02
  -6.55670789E-08   1.49558544       2.99999993E-02
  -8.74227766E-08   1.99215198       3.99999991E-02
  -1.09278467E-07   2.48773718       4.99999970E-02
  -1.31134158E-07   2.98234177       5.99999949E-02
  -1.52989841E-07   3.47596502       6.99999928E-02
  -1.74845539E-07   3.96860743       7.99999908E-02
  -1.96701222E-07   4.46026897       8.99999887E-02
  -2.18556920E-07   4.95094967       9.99999866E-02
  -2.40412589E-07   5.44064856      0.109999985    
  -2.62268287E-07   5.92936707      0.119999982    
  -2.84123985E-07   6.41710472      0.129999980    
  -3.05979682E-07   6.90386105      0.139999986    
  -3.27835409E-07   7.38963699      0.149999991    
  -3.49691106E-07   7.87443209      0.159999996    
  -3.71546804E-07   8.35824585      0.170000002    
  -3.93402502E-07   8.84107780      0.180000007    
  -4.15258228E-07   9.32293034      0.190000013    
  -4.37113925E-07   9.80380058      0.200000018    
  -4.58969623E-07   10.2836905      0.210000023    
  -4.80825349E-07   10.7625999      0.220000029    
  -5.02681019E-07   11.2405272      0.230000034    
  -5.24536745E-07   11.7174740      0.240000039    
  -5.46392414E-07   12.1934395      0.250000030    
  -5.68248083E-07   12.6684227      0.260000020    
  -5.90103753E-07   13.1424265      0.270000011    
  -6.11959422E-07   13.6154480      0.280000001    
  -6.33815091E-07   14.0874891      0.289999992    
  -6.55670817E-07   14.5585489      0.299999982    
  -6.77526486E-07   15.0286283      0.309999973    
  -6.99382156E-07   15.4977264      0.319999963    
  -7.21237825E-07   15.9658442      0.329999954    
  -7.43093494E-07   16.4329796      0.339999944    
  -7.64949164E-07   16.8991337      0.349999934    
  -7.86804833E-07   17.3643093      0.359999925    
  -8.08660502E-07   17.8285027      0.369999915    
  -8.30516171E-07   18.2917137      0.379999906    
  -8.52371841E-07   18.7539444      0.389999896    
  -8.74227510E-07   19.2151947      0.399999887    
  -8.96083179E-07   19.6754646      0.409999877    
  -9.17938848E-07   20.1347523      0.419999868    
  -9.39794518E-07   20.5930576      0.429999858    
  -9.61650244E-07   21.0503845      0.439999849    
  -9.83505856E-07   21.5067310      0.449999839    
  -1.00536158E-06   21.9620953      0.459999830    
  -1.02721719E-06   22.4164772      0.469999820    
  -1.04907292E-06   22.8698788      0.479999810    
  -1.07092853E-06   23.3223000      0.489999801    
  -1.09278426E-06   23.7737408      0.499999791    
  -1.11463999E-06   24.2242012      0.509999812    
  -1.13649571E-06   24.6736794      0.519999802    
  -1.15835132E-06   25.1221771      0.529999793    
  -1.18020705E-06   25.5696907      0.539999783    
  -1.20206266E-06   26.0162277      0.549999774    
  -1.22391839E-06   26.4617825      0.559999764    
  -1.24577400E-06   26.9063549      0.569999754    
  -1.26762973E-06   27.3499451      0.579999745    
  -1.28948534E-06   27.7925568      0.589999735    
  -1.31134107E-06   28.2341881      0.599999726    
  -1.33319668E-06   28.6748371      0.609999716    
  -1.35505240E-06   29.1145039      0.619999707    
  -1.37690813E-06   29.5531921      0.629999697    
  -1.39876374E-06   29.9908981      0.639999688    
  -1.42061947E-06   30.4276237      0.649999678    
  -1.44247508E-06   30.8633690      0.659999669    
  -1.46433081E-06   31.2981319      0.669999659    
  -1.48618642E-06   31.7319107      0.679999650    
  -1.50804215E-06   32.1647110      0.689999640    
  -1.52989776E-06   32.5965347      0.699999630    
  -1.55175348E-06   33.0273743      0.709999621    
  -1.57360910E-06   33.4572296      0.719999611    
  -1.59546482E-06   33.8861084      0.729999602    
  -1.61732044E-06   34.3140068      0.739999592    
  -1.63917616E-06   34.7409210      0.749999583    
  -1.66103189E-06   35.1668510      0.759999573    
  -1.68288750E-06   35.5918045      0.769999564    
  -1.70474323E-06   36.0157776      0.779999554    
  -1.72659884E-06   36.4387703      0.789999545    
  -1.74845457E-06   36.8607788      0.799999535    
  -1.77031018E-06   37.2818108      0.809999526    
  -1.79216590E-06   37.7018585      0.819999516    
  -1.81402152E-06   38.1209259      0.829999506    
  -1.83587724E-06   38.5390091      0.839999497    
  -1.85773285E-06   38.9561157      0.849999487    
  -1.87958858E-06   39.3722382      0.859999478    
  -1.90144419E-06   39.7873840      0.869999468    
  -1.92329981E-06   40.2015457      0.879999459    
  -1.94515565E-06   40.6147270      0.889999449    
  -1.96701126E-06   41.0269279      0.899999440    
  -1.98886687E-06   41.4381485      0.909999430    
  -2.01072271E-06   41.8483810      0.919999421    
  -2.03257832E-06   42.2576408      0.929999411    
  -2.05443393E-06   42.6659164      0.939999402    
  -2.07628955E-06   43.0732117      0.949999392    
  -2.09814539E-06   43.4795265      0.959999382    
  -2.12000100E-06   43.8848610      0.969999373    
  -2.14185661E-06   44.2892151      0.979999363    
  -2.16371222E-06   44.6925850      0.989999354    
  -2.18556806E-06   45.0949707      0.999999344    
  -2.20742390E-06   45.4963837       1.00999939    
  -2.22927952E-06   45.8968124       1.01999938    
  -2.25113513E-06   46.2962608       1.02999938    
  -2.27299074E-06   46.6947289       1.03999937    
  -2.29484658E-06   47.0922127       1.04999936    
  -2.31670219E-06   47.4887161       1.05999935    
  -2.33855781E-06   47.8842392       1.06999934    
  -2.36041342E-06   48.2787819       1.07999933    
  -2.38226926E-06   48.6723404       1.08999932    
  -2.40412487E-06   49.0649223       1.09999931    
  -2.42598048E-06   49.4565239       1.10999930    
  -2.44783610E-06   49.8471413       1.11999929    
  -2.46969194E-06   50.2367783       1.12999928    
  -2.49154755E-06   50.6254311       1.13999927    
  -2.51340316E-06   51.0131073       1.14999926    
  -2.53525900E-06   51.3998032       1.15999925    
  -2.55711461E-06   51.7855148       1.16999924    
  -2.57897022E-06   52.1702499       1.17999923    
  -2.60082584E-06   52.5540009       1.18999922    
  -2.62268168E-06   52.9367714       1.19999921    
  -2.64453729E-06   53.3185616       1.20999920    
  -2.66639290E-06   53.6993637       1.21999919    
  -2.68824851E-06   54.0791931       1.22999918    
  -2.71010435E-06   54.4580383       1.23999918    
  -2.73195997E-06   54.8359070       1.24999917    
  -2.75381558E-06   55.2127914       1.25999916    
  -2.77567142E-06   55.5886917       1.26999915    
  -2.79752703E-06   55.9636154       1.27999914    
  -2.81938264E-06   56.3375549       1.28999913    
  -2.84123826E-06   56.7105141       1.29999912    
  -2.86309410E-06   57.0824966       1.30999911    
  -2.88494971E-06   57.4534912       1.31999910    
  -2.90680532E-06   57.8235092       1.32999909    
  -2.92866093E-06   58.1925468       1.33999908    
  -2.95051677E-06   58.5606041       1.34999907    
  -2.97237239E-06   58.9276810       1.35999906    
  -2.99422800E-06   59.2937698       1.36999905    
  -3.01608361E-06   59.6588860       1.37999904    
  -3.03793945E-06   60.0230179       1.38999903    
  -3.05979506E-06   60.3861694       1.39999902    
  -3.08165068E-06   60.7483368       1.40999901    
  -3.10350651E-06   61.1095200       1.41999900    
  -3.12536213E-06   61.4697266       1.42999899    
  -3.14721774E-06   61.8289528       1.43999898    
  -3.16907335E-06   62.1871986       1.44999897    
  -3.19092919E-06   62.5444641       1.45999897    
  -3.21278480E-06   62.9007454       1.46999896    
  -3.23464042E-06   63.2560501       1.47999895    
  -3.25649603E-06   63.6103706       1.48999894    
  -3.27835187E-06   63.9637146       1.49999893    
  -3.30020748E-06   64.3160706       1.50999892    
  -3.32206309E-06   64.6674500       1.51999891    
  -3.34391871E-06   65.0178452       1.52999890    
  -3.36577455E-06   65.3672638       1.53999889    
  -3.38763016E-06   65.7156982       1.54999888    
  -3.40948577E-06   66.0631561       1.55999887    
  -3.43134161E-06   66.4096298       1.56999886    
  -3.45319722E-06   66.7551117       1.57999885    
  -3.47505284E-06   67.0996246       1.58999884    
  -3.49690845E-06   67.4431534       1.59999883    
  -3.51876429E-06   67.7857056       1.60999882    
  -3.54061990E-06   68.1272736       1.61999881    
  -3.56247551E-06   68.4678650       1.62999880    
  -3.58433113E-06   68.8074722       1.63999879    
  -3.60618697E-06   69.1460953       1.64999878    
  -3.62804258E-06   69.4837418       1.65999877    
  -3.64989819E-06   69.8204041       1.66999876    
  -3.67175403E-06   70.1560822       1.67999876    
  -3.69360964E-06   70.4907913       1.68999875    
  -3.71546525E-06   70.8245087       1.69999874    
  -3.73732087E-06   71.1572495       1.70999873    
  -3.75917671E-06   71.4890060       1.71999872    
  -3.78103232E-06   71.8197861       1.72999871    
  -3.80288793E-06   72.1495743       1.73999870    
  -3.82474354E-06   72.4783936       1.74999869    
  -3.84659916E-06   72.8062286       1.75999868    
  -3.86845477E-06   73.1330795       1.76999867    
  -3.89031084E-06   73.4589539       1.77999866    
  -3.91216645E-06   73.7838440       1.78999865    
  -3.93402206E-06   74.1077576       1.79999864    
  -3.95587767E-06   74.4306793       1.80999863    
  -3.97773329E-06   74.7526321       1.81999862    
  -3.99958890E-06   75.0736008       1.82999861    
  -4.02144451E-06   75.3935852       1.83999860    
  -4.04330058E-06   75.7125931       1.84999859    
  -4.06515619E-06   76.0306168       1.85999858    
  -4.08701180E-06   76.3476639       1.86999857    
  -4.10886742E-06   76.6637268       1.87999856    
  -4.13072303E-06   76.9788055       1.88999856    
  -4.15257864E-06   77.2929001       1.89999855    
  -4.17443425E-06   77.6060181       1.90999854    
  -4.19628986E-06   77.9181595       1.91999853    
  -4.21814593E-06   78.2293167       1.92999852    
  -4.24000154E-06   78.5394897       1.93999851    
  -4.26185716E-06   78.8486938       1.94999850    
  -4.28371277E-06   79.1569061       1.95999849    
  -4.30556838E-06   79.4641418       1.96999848    
  -4.32742399E-06   79.7703857       1.97999847    
  -4.34927961E-06   80.0756607       1.98999846    
  -4.37113567E-06   80.3799515       1.99999845    
  -4.39299129E-06   80.6832733       2.00999856    
  -4.41484690E-06   80.9855881       2.01999855    
  -4.43670297E-06   81.2869415       2.02999854    
  -4.45855858E-06   81.5873032       2.03999853    
  -4.48041419E-06   81.8866882       2.04999852    
  -4.50226980E-06   82.1850967       2.05999851    
  -4.52412542E-06   82.4825211       2.06999850    
  -4.54598103E-06   82.7789612       2.07999849    
  -4.56783664E-06   83.0744247       2.08999848    
  -4.58969225E-06   83.3689041       2.09999847    
  -4.61154832E-06   83.6624069       2.10999846    
  -4.63340393E-06   83.9549255       2.11999846    
  -4.65525954E-06   84.2464600       2.12999845    
  -4.67711516E-06   84.5370178       2.13999844    
  -4.69897077E-06   84.8265915       2.14999843    
  -4.72082638E-06   85.1151886       2.15999842    
  -4.74268199E-06   85.4028015       2.16999841    
  -4.76453806E-06   85.6894379       2.17999840    
  -4.78639367E-06   85.9750824       2.18999839    
  -4.80824929E-06   86.2597504       2.19999838    
  -4.83010490E-06   86.5434418       2.20999837    
  -4.85196051E-06   86.8261490       2.21999836    
  -4.87381612E-06   87.1078796       2.22999835    
  -4.89567174E-06   87.3886261       2.23999834    
  -4.91752735E-06   87.6683884       2.24999833    
  -4.93938342E-06   87.9471741       2.25999832    
  -4.96123903E-06   88.2249756       2.26999831    
  -4.98309464E-06   88.5018005       2.27999830    
  -5.00495025E-06   88.7776413       2.28999829    
  -5.02680587E-06   89.0525055       2.29999828    
  -5.04866148E-06   89.3263855       2.30999827    
  -5.07051709E-06   89.5992813       2.31999826    
  -5.09237316E-06   89.8712006       2.32999825    
  -5.11422877E-06   90.1421280       2.33999825    
  -5.13608438E-06   90.4120865       2.34999824    
  -5.15794000E-06   90.6810608       2.35999823    
  -5.17979561E-06   90.9490509       2.36999822    
  -5.20165122E-06   91.2160645       2.37999821    
  -5.22350683E-06   91.4821014       2.38999820    
  -5.24536244E-06   91.7471466       2.39999819    
  -5.26721851E-06   92.0112228       2.40999818    
  -5.28907412E-06   92.2743073       2.41999817    
  -5.31092974E-06   92.5364151       2.42999816    
  -5.33278535E-06   92.7975464       2.43999815    
  -5.35464096E-06   93.0576935       2.44999814    
  -5.37649657E-06   93.3168488       2.45999813    
  -5.39835219E-06   93.5750427       2.46999812    
  -5.42020825E-06   93.8322449       2.47999811    
  -5.44206387E-06   94.0884628       2.48999810    
  -5.46391948E-06   94.3437042       2.49999809    
  -5.48577509E-06   94.5979538       2.50999808    
  -5.50763070E-06   94.8512344       2.51999807    
  -5.52948632E-06   95.1035309       2.52999806    
  -5.55134193E-06   95.3548508       2.53999805    
  -5.57319800E-06   95.6051865       2.54999804    
  -5.59505361E-06   95.8545380       2.55999804    
  -5.61690922E-06   96.1029205       2.56999803    
  -5.63876483E-06   96.3503113       2.57999802    
  -5.66062045E-06   96.5967102       2.58999801    
  -5.68247606E-06   96.8421478       2.59999800    
  -5.70433167E-06   97.0865936       2.60999799    
  -5.72618728E-06   97.3300629       2.61999798    
  -5.74804335E-06   97.5725479       2.62999797    
  -5.76989896E-06   97.8140564       2.63999796    
  -5.79175457E-06   98.0545807       2.64999795    
  -5.81361019E-06   98.2941284       2.65999794    
  -5.83546580E-06   98.5326920       2.66999793    
  -5.85732141E-06   98.7702789       2.67999792    
  -5.87917702E-06   99.0068817       2.68999791    
  -5.90103309E-06   99.2424927       2.69999790    
  -5.92288870E-06   99.4771347       2.70999789    
  -5.94474432E-06   99.7108002       2.71999788    
  -5.96659993E-06   99.9434738       2.72999787    
  -5.98845554E-06   100.175171       2.73999786    
  -6.01031115E-06   100.405884       2.74999785    
  -6.03216677E-06   100.635620       2.75999784    
  -6.05402238E-06   100.864380       2.76999784    
  -6.07587845E-06   101.092148       2.77999783    
  -6.09773406E-06   101.318939       2.78999782    
  -6.11958967E-06   101.544754       2.79999781    
  -6.14144528E-06   101.769577       2.80999780    
  -6.16330090E-06   101.993431       2.81999779    
  -6.18515651E-06   102.216293       2.82999778    
  -6.20701212E-06   102.438187       2.83999777    
  -6.22886819E-06   102.659088       2.84999776    
  -6.25072380E-06   102.879013       2.85999775    
  -6.27257941E-06   103.097961       2.86999774    
  -6.29443502E-06   103.315918       2.87999773    
  -6.31629064E-06   103.532906       2.88999772    
  -6.33814625E-06   103.748886       2.89999771    
  -6.36000186E-06   103.963913       2.90999770    
  -6.38185747E-06   104.177948       2.91999769    
  -6.40371354E-06   104.391006       2.92999768    
  -6.42556915E-06   104.603088       2.93999767    
  -6.44742477E-06   104.814178       2.94999766    
  -6.46928038E-06   105.024292       2.95999765    
  -6.49113599E-06   105.233429       2.96999764    
  -6.51299160E-06   105.441582       2.97999763    
  -6.53484722E-06   105.648758       2.98999763    
  -6.55670328E-06   105.854950       2.99999762    
  -6.57855890E-06   106.060150       3.00999761    
  -6.60041451E-06   106.264389       3.01999760    
  -6.62227012E-06   106.467636       3.02999759    
  -6.64412573E-06   106.669899       3.03999758    
  -6.66598135E-06   106.871185       3.04999757    
  -6.68783696E-06   107.071487       3.05999756    
  -6.70969257E-06   107.270813       3.06999755    
  -6.73154864E-06   107.469162       3.07999754    
  -6.75340425E-06   107.666519       3.08999753    
  -6.77525986E-06   107.862900       3.09999752    
  -6.79711547E-06   108.058304       3.10999751    
  -6.81897109E-06   108.252716       3.11999750    
  -6.84082670E-06   108.446159       3.12999749    
  -6.86268231E-06   108.638611       3.13999748    
  -6.88453838E-06   108.830093       3.14999747    
  -6.90639399E-06   109.020584       3.15999746    
  -6.92824960E-06   109.210098       3.16999745    
  -6.95010522E-06   109.398636       3.17999744    
  -6.97196083E-06   109.586182       3.18999743    
  -6.99381644E-06   109.772758       3.19999743    
  -7.01567205E-06   109.958344       3.20999742    
  -7.03752767E-06   110.142960       3.21999741    
  -7.05938373E-06   110.326569       3.22999740    
  -7.08123935E-06   110.509216       3.23999739    
  -7.10309496E-06   110.690887       3.24999738    
  -7.12495057E-06   110.871567       3.25999737    
  -7.14680618E-06   111.051270       3.26999736    
  -7.16866180E-06   111.229996       3.27999735    
  -7.19051741E-06   111.407730       3.28999734    
  -7.21237348E-06   111.584503       3.29999733    
  -7.23422909E-06   111.760269       3.30999732    
  -7.25608470E-06   111.935074       3.31999731    
  -7.27794031E-06   112.108894       3.32999730    
  -7.29979593E-06   112.281738       3.33999729    
  -7.32165154E-06   112.453583       3.34999728    
  -7.34350715E-06   112.624466       3.35999727    
  -7.36536322E-06   112.794357       3.36999726    
  -7.38721883E-06   112.963272       3.37999725    
  -7.40907444E-06   113.131203       3.38999724    
  -7.43093005E-06   113.298157       3.39999723    
  -7.45278567E-06   113.464119       3.40999722    
  -7.47464128E-06   113.629112       3.41999722    
  -7.49649689E-06   113.793121       3.42999721    
  -7.51835250E-06   113.956146       3.43999720    
  -7.54020857E-06   114.118195       3.44999719    
  -7.56206418E-06   114.279259       3.45999718    
  -7.58391980E-06   114.439346       3.46999717    
  -7.60577541E-06   114.598442       3.47999716    
  -7.62763102E-06   114.756569       3.48999715    
  -7.64948709E-06   114.913712       3.49999714    
  -7.67134225E-06   115.069870       3.50999713    
  -7.69319831E-06   115.225052       3.51999712    
  -7.71505347E-06   115.379242       3.52999711    
  -7.73690954E-06   115.532455       3.53999710    
  -7.75876470E-06   115.684677       3.54999709    
  -7.78062076E-06   115.835938       3.55999708    
  -7.80247683E-06   115.986214       3.56999707    
  -7.82433199E-06   116.135506       3.57999706    
  -7.84618805E-06   116.283813       3.58999705    
  -7.86804321E-06   116.431152       3.59999704    
  -7.88989928E-06   116.577499       3.60999703    
  -7.91175444E-06   116.722870       3.61999702    
  -7.93361050E-06   116.867256       3.62999701    
  -7.95546657E-06   117.010658       3.63999701    
  -7.97732173E-06   117.153091       3.64999700    
  -7.99917780E-06   117.294533       3.65999699    
  -8.02103295E-06   117.435005       3.66999698    
  -8.04288902E-06   117.574478       3.67999697    
  -8.06474418E-06   117.712982       3.68999696    
  -8.08660025E-06   117.850510       3.69999695    
  -8.10845631E-06   117.987045       3.70999694    
  -8.13031147E-06   118.122604       3.71999693    
  -8.15216754E-06   118.257187       3.72999692    
  -8.17402270E-06   118.390778       3.73999691    
  -8.19587876E-06   118.523392       3.74999690    
  -8.21773392E-06   118.655029       3.75999689    
  -8.23958999E-06   118.785690       3.76999688    
  -8.26144606E-06   118.915359       3.77999687    
  -8.28330121E-06   119.044052       3.78999686    
  -8.30515728E-06   119.171761       3.79999685    
  -8.32701244E-06   119.298492       3.80999684    
  -8.34886850E-06   119.424240       3.81999683    
  -8.37072366E-06   119.549011       3.82999682    
  -8.39257973E-06   119.672791       3.83999681    
  -8.41443489E-06   119.795601       3.84999681    
  -8.43629095E-06   119.917427       3.85999680    
  -8.45814702E-06   120.038261       3.86999679    
  -8.48000218E-06   120.158119       3.87999678    
  -8.50185825E-06   120.277000       3.88999677    
  -8.52371340E-06   120.394905       3.89999676    
  -8.54556947E-06   120.511818       3.90999675    
  -8.56742463E-06   120.627762       3.91999674    
  -8.58928070E-06   120.742722       3.92999673    
  -8.61113676E-06   120.856697       3.93999672    
  -8.63299192E-06   120.969696       3.94999671    
  -8.65484799E-06   121.081711       3.95999670    
  -8.67670315E-06   121.192741       3.96999669    
  -8.69855921E-06   121.302795       3.97999668    
  -8.72041437E-06   121.411873       3.98999667    
  -8.74227044E-06   121.519966       3.99999666    
  -8.76412651E-06   121.627075       4.00999689    
  -8.78598257E-06   121.733215       4.01999712    
  -8.80783864E-06   121.838348       4.02999735    
  -8.82969562E-06   121.942520       4.03999758    
  -8.85155168E-06   122.045715       4.04999781    
  -8.87340775E-06   122.147926       4.05999804    
  -8.89526382E-06   122.249138       4.06999826    
  -8.91711989E-06   122.349388       4.07999849    
  -8.93897595E-06   122.448654       4.08999872    
  -8.96083202E-06   122.546936       4.09999895    
  -8.98268900E-06   122.644234       4.10999918    
  -9.00454506E-06   122.740562       4.11999941    
  -9.02640113E-06   122.835907       4.12999964    
  -9.04825720E-06   122.930267       4.13999987    
  -9.07011326E-06   123.023628       4.15000010    
  -9.09196933E-06   123.116028       4.16000032    
  -9.11382540E-06   123.207451       4.17000055    
  -9.13568147E-06   123.297890       4.18000078    
  -9.15753844E-06   123.387329       4.19000101    
  -9.17939451E-06   123.475807       4.20000124    
  -9.20125058E-06   123.563301       4.21000147    
  -9.22310664E-06   123.649811       4.22000170    
  -9.24496271E-06   123.735336       4.23000193    
  -9.26681878E-06   123.819885       4.24000216    
  -9.28867485E-06   123.903458       4.25000238    
  -9.31053182E-06   123.986046       4.26000261    
  -9.33238789E-06   124.067642       4.27000284    
  -9.35424396E-06   124.148270       4.28000307    
  -9.37610002E-06   124.227913       4.29000330    
  -9.39795609E-06   124.306580       4.30000353    
  -9.41981216E-06   124.384247       4.31000376    
  -9.44166823E-06   124.460953       4.32000399    
  -9.46352520E-06   124.536674       4.33000422    
  -9.48538127E-06   124.611412       4.34000444    
  -9.50723734E-06   124.685165       4.35000467    
  -9.52909340E-06   124.757942       4.36000490    
  -9.55094947E-06   124.829742       4.37000513    
  -9.57280554E-06   124.900558       4.38000536    
  -9.59466161E-06   124.970383       4.39000559    
  -9.61651858E-06   125.039238       4.40000582    
  -9.63837465E-06   125.107109       4.41000605    
  -9.66023072E-06   125.174004       4.42000628    
  -9.68208678E-06   125.239899       4.43000650    
  -9.70394285E-06   125.304825       4.44000673    
  -9.72579892E-06   125.368774       4.45000696    
  -9.74765499E-06   125.431747       4.46000719    
  -9.76951196E-06   125.493729       4.47000742    
  -9.79136803E-06   125.554733       4.48000765    
  -9.81322410E-06   125.614761       4.49000788    
  -9.83508016E-06   125.673805       4.50000811    
  -9.85693623E-06   125.731850       4.51000834    
  -9.87879230E-06   125.788933       4.52000856    
  -9.90064837E-06   125.845032       4.53000879    
  -9.92250534E-06   125.900154       4.54000902    
  -9.94436141E-06   125.954277       4.55000925    
  -9.96621748E-06   126.007431       4.56000948    
  -9.98807354E-06   126.059608       4.57000971    
  -1.00099296E-05   126.110809       4.58000994    
  -1.00317857E-05   126.161018       4.59001017    
  -1.00536417E-05   126.210251       4.60001040    
  -1.00754987E-05   126.258499       4.61001062    
  -1.00973548E-05   126.305771       4.62001085    
  -1.01192109E-05   126.352051       4.63001108    
  -1.01410669E-05   126.397354       4.64001131    
  -1.01629230E-05   126.441689       4.65001154    
  -1.01847791E-05   126.485031       4.66001177    
  -1.02066351E-05   126.527382       4.67001200    
  -1.02284921E-05   126.568771       4.68001223    
  -1.02503482E-05   126.609177       4.69001245    
  -1.02722042E-05   126.648598       4.70001268    
  -1.02940603E-05   126.687035       4.71001291    
  -1.03159164E-05   126.724495       4.72001314    
  -1.03377724E-05   126.760971       4.73001337    
  -1.03596285E-05   126.796471       4.74001360    
  -1.03814846E-05   126.830978       4.75001383    
  -1.04033415E-05   126.864510       4.76001406    
  -1.04251976E-05   126.897072       4.77001429    
  -1.04470537E-05   126.928642       4.78001451    
  -1.04689097E-05   126.959221       4.79001474    
  -1.04907658E-05   126.988838       4.80001497    
  -1.05126219E-05   127.017464       4.81001520    
  -1.05344780E-05   127.045120       4.82001543    
  -1.05563349E-05   127.071777       4.83001566    
  -1.05781910E-05   127.097473       4.84001589    
  -1.06000471E-05   127.122177       4.85001612    
  -1.06219031E-05   127.145905       4.86001635    
  -1.06437592E-05   127.168633       4.87001657    
  -1.06656153E-05   127.190399       4.88001680    
  -1.06874713E-05   127.211182       4.89001703    
  -1.07093283E-05   127.230980       4.90001726    
  -1.07311844E-05   127.249786       4.91001749    
  -1.07530404E-05   127.267632       4.92001772    
  -1.07748965E-05   127.284492       4.93001795    
  -1.07967526E-05   127.300369       4.94001818    
  -1.08186086E-05   127.315262       4.95001841    
  -1.08404647E-05   127.329178       4.96001863    
  -1.08623217E-05   127.342110       4.97001886    
  -1.08841778E-05   127.354065       4.98001909    
  -1.09060338E-05   127.365021       4.99001932    
  -1.09278899E-05   127.375015       5.00001955    
  -1.09497460E-05   127.384026       5.01001978    
  -1.09716020E-05   127.392052       5.02002001    
  -1.09934581E-05   127.399086       5.03002024    
  -1.10153151E-05   127.405151       5.04002047    
  -1.10371711E-05   127.410240       5.05002069    
  -1.10590272E-05   127.414345       5.06002092    
  -1.10808833E-05   127.417465       5.07002115    
  -1.11027393E-05   127.419609       5.08002138    
  -1.11245954E-05   127.420769       5.09002161    
  -1.11464515E-05   127.420952       5.10002184    
  -1.11683084E-05   127.420135       5.11002207    
  -1.11901645E-05   127.418365       5.12002230    
  -1.12120206E-05   127.415588       5.13002253    
  -1.12338766E-05   127.411835       5.14002275    
  -1.12557327E-05   127.407135       5.15002298    
  -1.12775888E-05   127.401413       5.16002321    
  -1.12994449E-05   127.394699       5.17002344    
  -1.13213018E-05   127.387054       5.18002367    
  -1.13431579E-05   127.378403       5.19002390    
  -1.13650140E-05   127.368790       5.20002413    
  -1.13868700E-05   127.358170       5.21002436    
  -1.14087261E-05   127.346558       5.22002459    
  -1.14305822E-05   127.334000       5.23002481    
  -1.14524382E-05   127.320435       5.24002504    
  -1.14742943E-05   127.305878       5.25002527    
  -1.14961513E-05   127.290375       5.26002550    
  -1.15180073E-05   127.273865       5.27002573    
  -1.15398634E-05   127.256409       5.28002596    
  -1.15617195E-05   127.237930       5.29002619    
  -1.15835755E-05   127.218475       5.30002642    
  -1.16054316E-05   127.198090       5.31002665    
  -1.16272877E-05   127.176666       5.32002687    
  -1.16491447E-05   127.154266       5.33002710    
  -1.16710007E-05   127.130920       5.34002733    
  -1.16928568E-05   127.106552       5.35002756    
  -1.17147129E-05   127.081253       5.36002779    
  -1.17365689E-05   127.054932       5.37002802    
  -1.17584250E-05   127.027618       5.38002825    
  -1.17802811E-05   126.999374       5.39002848    
  -1.18021380E-05   126.970108       5.40002871    
  -1.18239941E-05   126.939865       5.41002893    
  -1.18458502E-05   126.908661       5.42002916    
  -1.18677062E-05   126.876465       5.43002939    
  -1.18895623E-05   126.843307       5.44002962    
  -1.19114184E-05   126.809128       5.45002985    
  -1.19332744E-05   126.773987       5.46003008    
  -1.19551314E-05   126.737885       5.47003031    
  -1.19769875E-05   126.700760       5.48003054    
  -1.19988435E-05   126.662674       5.49003077    
  -1.20206996E-05   126.623627       5.50003099    
  -1.20425557E-05   126.583572       5.51003122    
  -1.20644117E-05   126.542557       5.52003145    
  -1.20862678E-05   126.500549       5.53003168    
  -1.21081248E-05   126.457550       5.54003191    
  -1.21299809E-05   126.413605       5.55003214    
  -1.21518369E-05   126.368637       5.56003237    
  -1.21736930E-05   126.322693       5.57003260    
  -1.21955491E-05   126.275803       5.58003283    
  -1.22174051E-05   126.227905       5.59003305    
  -1.22392612E-05   126.179047       5.60003328    
  -1.22611182E-05   126.129181       5.61003351    
  -1.22829742E-05   126.078323       5.62003374    
  -1.23048303E-05   126.026535       5.63003397    
  -1.23266864E-05   125.973724       5.64003420    
  -1.23485424E-05   125.919922       5.65003443    
  -1.23703985E-05   125.865189       5.66003466    
  -1.23922546E-05   125.809448       5.67003489    
  -1.24141116E-05   125.752731       5.68003511    
  -1.24359676E-05   125.695023       5.69003534    
  -1.24578237E-05   125.636322       5.70003557    
  -1.24796798E-05   125.576675       5.71003580    
  -1.25015358E-05   125.516022       5.72003603    
  -1.25233919E-05   125.454376       5.73003626    
  -1.25452480E-05   125.391785       5.74003649    
  -1.25671040E-05   125.328186       5.75003672    
  -1.25889610E-05   125.263641       5.76003695    
  -1.26108171E-05   125.198074       5.77003717    
  -1.26326731E-05   125.131531       5.78003740    
  -1.26545292E-05   125.064041       5.79003763    
  -1.26763853E-05   124.995529       5.80003786    
  -1.26982413E-05   124.926041       5.81003809    
  -1.27200974E-05   124.855606       5.82003832    
  -1.27419544E-05   124.784164       5.83003855    
  -1.27638104E-05   124.711761       5.84003878    
  -1.27856665E-05   124.638336       5.85003901    
  -1.28075226E-05   124.563950       5.86003923    
  -1.28293786E-05   124.488602       5.87003946    
  -1.28512347E-05   124.412247       5.88003969    
  -1.28730908E-05   124.334915       5.89003992    
  -1.28949478E-05   124.256638       5.90004015    
  -1.29168038E-05   124.177338       5.91004038    
  -1.29386599E-05   124.097092       5.92004061    
  -1.29605160E-05   124.015823       5.93004084    
  -1.29823720E-05   123.933594       5.94004107    
  -1.30042281E-05   123.850403       5.95004129    
  -1.30260842E-05   123.766190       5.96004152    
  -1.30479411E-05   123.681000       5.97004175    
  -1.30697972E-05   123.594864       5.98004198    
  -1.30916533E-05   123.507721       5.99004221    
  -1.31135093E-05   123.419632       6.00004244    
  -1.31353654E-05   123.330521       6.01004267    
  -1.31572215E-05   123.240433       6.02004290    
  -1.31790775E-05   123.149399       6.03004313    
  -1.32009345E-05   123.057343       6.04004335    
  -1.32227906E-05   122.964310       6.05004358    
  -1.32446467E-05   122.870331       6.06004381    
  -1.32665027E-05   122.775330       6.07004404    
  -1.32883588E-05   122.679382       6.08004427    
  -1.33102149E-05   122.582428       6.09004450    
  -1.33320709E-05   122.484497       6.10004473    
  -1.33539279E-05   122.385605       6.11004496    
  -1.33757840E-05   122.285706       6.12004519    
  -1.33976400E-05   122.184814       6.13004541    
  -1.34194961E-05   122.082993       6.14004564    
  -1.34413522E-05   121.980148       6.15004587    
  -1.34632082E-05   121.876358       6.16004610    
  -1.34850643E-05   121.771561       6.17004633    
  -1.35069213E-05   121.665771       6.18004656    
  -1.35287773E-05   121.559036       6.19004679    
  -1.35506334E-05   121.451279       6.20004702    
  -1.35724895E-05   121.342545       6.21004725    
  -1.35943455E-05   121.232864       6.22004747    
  -1.36162016E-05   121.122177       6.23004770    
  -1.36380577E-05   121.010529       6.24004793    
  -1.36599137E-05   120.897888       6.25004816    
  -1.36817707E-05   120.784256       6.26004839    
  -1.37036268E-05   120.669678       6.27004862    
  -1.37254829E-05   120.554077       6.28004885    
  -1.37473389E-05   120.437500       6.29004908    
  -1.37691950E-05   120.319962       6.30004930    
  -1.37910511E-05   120.201431       6.31004953    
  -1.38129071E-05   120.081940       6.32004976    
  -1.38347641E-05   119.961441       6.33004999    
  -1.38566202E-05   119.839951       6.34005022    
  -1.38784762E-05   119.717514       6.35005045    
  -1.39003323E-05   119.594070       6.36005068    
  -1.39221884E-05   119.469650       6.37005091    
  -1.39440444E-05   119.344284       6.38005114    
  -1.39659005E-05   119.217896       6.39005136    
  -1.39877575E-05   119.090546       6.40005159    
  -1.40096136E-05   118.962204       6.41005182    
  -1.40314696E-05   118.832870       6.42005205    
  -1.40533257E-05   118.702591       6.43005228    
  -1.40751818E-05   118.571289       6.44005251    
  -1.40970378E-05   118.439011       6.45005274    
  -1.41188939E-05   118.305786       6.46005297    
  -1.41407509E-05   118.171555       6.47005320    
  -1.41626069E-05   118.036362       6.48005342    
  -1.41844630E-05   117.900162       6.49005365    
  -1.42063191E-05   117.763000       6.50005388    
  -1.42281751E-05   117.624863       6.51005411    
  -1.42500312E-05   117.485718       6.52005434    
  -1.42718873E-05   117.345596       6.53005457    
  -1.42937442E-05   117.204514       6.54005480    
  -1.43156003E-05   117.062439       6.55005503    
  -1.43374564E-05   116.919418       6.56005526    
  -1.43593124E-05   116.775360       6.57005548    
  -1.43811685E-05   116.630341       6.58005571    
  -1.44030246E-05   116.484344       6.59005594    
  -1.44248806E-05   116.337372       6.60005617    
  -1.44467376E-05   116.189392       6.61005640    
  -1.44685937E-05   116.040482       6.62005663    
  -1.44904498E-05   115.890533       6.63005686    
  -1.45123058E-05   115.739655       6.64005709    
  -1.45341619E-05   115.587753       6.65005732    
  -1.45560180E-05   115.434875       6.66005754    
  -1.45778740E-05   115.281036       6.67005777    
  -1.45997310E-05   115.126221       6.68005800    
  -1.46215871E-05   114.970413       6.69005823    
  -1.46434431E-05   114.813629       6.70005846    
  -1.46652992E-05   114.655853       6.71005869    
  -1.46871553E-05   114.497116       6.72005892    
  -1.47090113E-05   114.337372       6.73005915    
  -1.47308674E-05   114.176636       6.74005938    
  -1.47527235E-05   114.014969       6.75005960    
  -1.47745804E-05   113.852280       6.76005983    
  -1.47964365E-05   113.688614       6.77006006    
  -1.48182926E-05   113.523987       6.78006029    
  -1.48401487E-05   113.358368       6.79006052    
  -1.48620047E-05   113.191803       6.80006075    
  -1.48838608E-05   113.024200       6.81006098    
  -1.49057169E-05   112.855637       6.82006121    
  -1.49275738E-05   112.686096       6.83006144    
  -1.49494299E-05   112.515579       6.84006166    
  -1.49712860E-05   112.344040       6.85006189    
  -1.49931420E-05   112.171585       6.86006212    
  -1.50149981E-05   111.998093       6.87006235    
  -1.50368542E-05   111.823685       6.88006258    
  -1.50587102E-05   111.648224       6.89006281    
  -1.50805672E-05   111.471817       6.90006304    
  -1.51024233E-05   111.294434       6.91006327    
  -1.51242793E-05   111.116058       6.92006350    
  -1.51461354E-05   110.936707       6.93006372    
  -1.51679915E-05   110.756378       6.94006395    
  -1.51898475E-05   110.575058       6.95006418    
  -1.52117036E-05   110.392776       6.96006441    
  -1.52335606E-05   110.209503       6.97006464    
  -1.52554167E-05   110.025208       6.98006487    
  -1.52772718E-05   109.840012       6.99006510    
  -1.52991288E-05   109.653763       7.00006533    
  -1.53209858E-05   109.466553       7.01006556    
  -1.53428409E-05   109.278381       7.02006578    
  -1.53646979E-05   109.089218       7.03006601    
  -1.53865531E-05   108.899109       7.04006624    
  -1.54084100E-05   108.707947       7.05006647    
  -1.54302652E-05   108.515854       7.06006670    
  -1.54521222E-05   108.322769       7.07006693    
  -1.54739791E-05   108.128693       7.08006716    
  -1.54958343E-05   107.933624       7.09006739    
  -1.55176913E-05   107.737625       7.10006762    
  -1.55395464E-05   107.540588       7.11006784    
  -1.55614034E-05   107.342621       7.12006807    
  -1.55832586E-05   107.143631       7.13006830    
  -1.56051155E-05   106.943665       7.14006853    
  -1.56269725E-05   106.742767       7.15006876    
  -1.56488277E-05   106.540817       7.16006899    
  -1.56706847E-05   106.337921       7.17006922    
  -1.56925398E-05   106.134048       7.18006945    
  -1.57143968E-05   105.929199       7.19006968    
  -1.57362520E-05   105.723358       7.20006990    
  -1.57581089E-05   105.516541       7.21007013    
  -1.57799659E-05   105.308701       7.22007036    
  -1.58018211E-05   105.099945       7.23007059    
  -1.58236780E-05   104.890167       7.24007082    
  -1.58455332E-05   104.679413       7.25007105    
  -1.58673902E-05   104.467682       7.26007128    
  -1.58892453E-05   104.254974       7.27007151    
  -1.59111023E-05   104.041321       7.28007174    
  -1.59329593E-05   103.826630       7.29007196    
  -1.59548144E-05   103.610992       7.30007219    
  -1.59766714E-05   103.394348       7.31007242    
  -1.59985266E-05   103.176727       7.32007265    
  -1.60203836E-05   102.958130       7.33007288    
  -1.60422387E-05   102.738586       7.34007311    
  -1.60640957E-05   102.518005       7.35007334    
  -1.60859527E-05   102.296478       7.36007357    
  -1.61078078E-05   102.073944       7.37007380    
  -1.61296648E-05   101.850433       7.38007402    
  -1.61515200E-05   101.626007       7.39007425    
  -1.61733769E-05   101.400513       7.40007448    
  -1.61952321E-05   101.174072       7.41007471    
  -1.62170891E-05   100.946655       7.42007494    
  -1.62389460E-05   100.718231       7.43007517    
  -1.62608012E-05   100.488861       7.44007540    
  -1.62826582E-05   100.258484       7.45007563    
  -1.63045133E-05   100.027100       7.46007586    
  -1.63263703E-05   99.7948303       7.47007608    
  -1.63482255E-05   99.5614929       7.48007631    
  -1.63700824E-05   99.3271790       7.49007654    
  -1.63919376E-05   99.0919189       7.50007677    
  -1.64137946E-05   98.8556824       7.51007700    
  -1.64356516E-05   98.6184692       7.52007723    
  -1.64575067E-05   98.3802185       7.53007746    
  -1.64793637E-05   98.1410217       7.54007769    
  -1.65012189E-05   97.9008484       7.55007792    
  -1.65230758E-05   97.6596985       7.56007814    
  -1.65449310E-05   97.4175415       7.57007837    
  -1.65667880E-05   97.1744385       7.58007860    
  -1.65886449E-05   96.9303284       7.59007883    
  -1.66105001E-05   96.6852722       7.60007906    
  -1.66323571E-05   96.4391785       7.61007929    
  -1.66542122E-05   96.1921387       7.62007952    
  -1.66760692E-05   95.9441223       7.63007975    
  -1.66979244E-05   95.6950989       7.64007998    
  -1.67197813E-05   95.4451294       7.65008020    
  -1.67416383E-05   95.1941528       7.66008043    
  -1.67634935E-05   94.9421997       7.67008066    
  -1.67853505E-05   94.6892700       7.68008089    
  -1.68072056E-05   94.4353638       7.69008112    
  -1.68290626E-05   94.1804504       7.70008135    
  -1.68509177E-05   93.9245911       7.71008158    
  -1.68727747E-05   93.6677246       7.72008181    
  -1.68946317E-05   93.4098816       7.73008204    
  -1.69164869E-05   93.1510620       7.74008226    
  -1.69383438E-05   92.8912659       7.75008249    
  -1.69601990E-05   92.6305237       7.76008272    
  -1.69820560E-05   92.3687439       7.77008295    
  -1.70039111E-05   92.1059875       7.78008318    
  -1.70257681E-05   91.8422852       7.79008341    
  -1.70476251E-05   91.5775757       7.80008364    
  -1.70694802E-05   91.3118591       7.81008387    
  -1.70913372E-05   91.0452271       7.82008410    
  -1.71131924E-05   90.7775574       7.83008432    
  -1.71350493E-05   90.5089722       7.84008455    
  -1.71569045E-05   90.2393188       7.85008478    
  -1.71787615E-05   89.9687500       7.86008501    
  -1.72006185E-05   89.6972046       7.87008524    
  -1.72224736E-05   89.4246216       7.88008547    
  -1.72443306E-05   89.1510925       7.89008570    
  -1.72661858E-05   88.8765869       7.90008593    
  -1.72880427E-05   88.6010742       7.91008615    
  -1.73098979E-05   88.3246155       7.92008638    
  -1.73317549E-05   88.0471497       7.93008661    
  -1.73536118E-05   87.7686768       7.94008684    
  -1.73754670E-05   87.4892883       7.95008707    
  -1.73973240E-05   87.2088623       7.96008730    
  -1.74191791E-05   86.9274902       7.97008753    
  -1.74410361E-05   86.6451416       7.98008776    
  -1.74628913E-05   86.3617859       7.99008799    
  -1.74847464E-05   86.0774841       8.00008774    
  -1.75066034E-05   85.7921753       8.01008797    
  -1.75284604E-05   85.5058594       8.02008820    
  -1.75503155E-05   85.2186279       8.03008842    
  -1.75721725E-05   84.9303589       8.04008865    
  -1.75940277E-05   84.6411743       8.05008888    
  -1.76158846E-05   84.3509216       8.06008911    
  -1.76377398E-05   84.0597229       8.07008934    
  -1.76595968E-05   83.7676086       8.08008957    
  -1.76814538E-05   83.4744263       8.09008980    
  -1.77033089E-05   83.1802979       8.10009003    
  -1.77251659E-05   82.8851624       8.11009026    
  -1.77470210E-05   82.5890808       8.12009048    
  -1.77688780E-05   82.2919922       8.13009071    
  -1.77907332E-05   81.9939270       8.14009094    
  -1.78125902E-05   81.6948853       8.15009117    
  -1.78344471E-05   81.3948975       8.16009140    
  -1.78563023E-05   81.0938416       8.17009163    
  -1.78781593E-05   80.7918701       8.18009186    
  -1.79000144E-05   80.4889221       8.19009209    
  -1.79218714E-05   80.1849670       8.20009232    
  -1.79437266E-05   79.8800659       8.21009254    
  -1.79655835E-05   79.5741272       8.22009277    
  -1.79874405E-05   79.2672424       8.23009300    
  -1.80092957E-05   78.9593811       8.24009323    
  -1.80311526E-05   78.6505432       8.25009346    
  -1.80530078E-05   78.3406982       8.26009369    
  -1.80748648E-05   78.0299072       8.27009392    
  -1.80967199E-05   77.7180786       8.28009415    
  -1.81185769E-05   77.4053345       8.29009438    
  -1.81404339E-05   77.0915527       8.30009460    
  -1.81622891E-05   76.7768250       8.31009483    
  -1.81841460E-05   76.4611206       8.32009506    
  -1.82060012E-05   76.1444092       8.33009529    
  -1.82278582E-05   75.8267212       8.34009552    
  -1.82497133E-05   75.5080566       8.35009575    
  -1.82715703E-05   75.1884155       8.36009598    
  -1.82934273E-05   74.8677979       8.37009621    
  -1.83152824E-05   74.5462036       8.38009644    
  -1.83371394E-05   74.2236023       8.39009666    
  -1.83589946E-05   73.9000549       8.40009689    
  -1.83808515E-05   73.5754700       8.41009712    
  -1.84027067E-05   73.2500000       8.42009735    
  -1.84245637E-05   72.9234619       8.43009758    
  -1.84464207E-05   72.5959473       8.44009781    
  -1.84682758E-05   72.2675171       8.45009804    
  -1.84901328E-05   71.9380493       8.46009827    
  -1.85119879E-05   71.6076050       8.47009850    
  -1.85338449E-05   71.2761841       8.48009872    
  -1.85557001E-05   70.9438171       8.49009895    
  -1.85775571E-05   70.6104126       8.50009918    
  -1.85994122E-05   70.2760620       8.51009941    
  -1.86212692E-05   69.9407043       8.52009964    
  -1.86431262E-05   69.6044312       8.53009987    
  -1.86649813E-05   69.2670898       8.54010010    
  -1.86868383E-05   68.9288025       8.55010033    
  -1.87086935E-05   68.5895691       8.56010056    
  -1.87305504E-05   68.2492981       8.57010078    
  -1.87524056E-05   67.9081116       8.58010101    
  -1.87742626E-05   67.5658875       8.59010124    
  -1.87961195E-05   67.2226868       8.60010147    
  -1.88179747E-05   66.8785400       8.61010170    
  -1.88398317E-05   66.5333862       8.62010193    
  -1.88616868E-05   66.1872253       8.63010216    
  -1.88835438E-05   65.8401489       8.64010239    
  -1.89053990E-05   65.4920349       8.65010262    
  -1.89272560E-05   65.1429443       8.66010284    
  -1.89491129E-05   64.7929077       8.67010307    
  -1.89709681E-05   64.4418640       8.68010330    
  -1.89928251E-05   64.0899048       8.69010353    
  -1.90146802E-05   63.7368774       8.70010376    
  -1.90365372E-05   63.3828735       8.71010399    
  -1.90583924E-05   63.0279236       8.72010422    
  -1.90802493E-05   62.6719971       8.73010445    
  -1.91021063E-05   62.3150635       8.74010468    
  -1.91239615E-05   61.9571838       8.75010490    
  -1.91458184E-05   61.5982666       8.76010513    
  -1.91676736E-05   61.2384338       8.77010536    
  -1.91895306E-05   60.8775635       8.78010559    
  -1.92113857E-05   60.5157166       8.79010582    
  -1.92332427E-05   60.1529541       8.80010605    
  -1.92550997E-05   59.7891235       8.81010628    
  -1.92769548E-05   59.4243774       8.82010651    
  -1.92988118E-05   59.0586243       8.83010674    
  -1.93206670E-05   58.6918945       8.84010696    
  -1.93425240E-05   58.3241882       8.85010719    
  -1.93643791E-05   57.9554749       8.86010742    
  -1.93862361E-05   57.5857849       8.87010765    
  -1.94080931E-05   57.2151489       8.88010788    
  -1.94299482E-05   56.8435059       8.89010811    
  -1.94518052E-05   56.4709167       8.90010834    
  -1.94736604E-05   56.0973206       8.91010857    
  -1.94955173E-05   55.7226868       8.92010880    
  -1.95173725E-05   55.3471680       8.93010902    
  -1.95392295E-05   54.9706116       8.94010925    
  -1.95610864E-05   54.5930786       8.95010948    
  -1.95829416E-05   54.2145691       8.96010971    
  -1.96047986E-05   53.8350830       8.97010994    
  -1.96266537E-05   53.4545898       8.98011017    
  -1.96485107E-05   53.0731812       8.99011040    
  -1.96703659E-05   52.6907349       9.00011063    
  -1.96922228E-05   52.3073425       9.01011086    
  -1.97140798E-05   51.9229431       9.02011108    
  -1.97359350E-05   51.5375671       9.03011131    
  -1.97577920E-05   51.1512451       9.04011154    
  -1.97796471E-05   50.7638855       9.05011177    
  -1.98015041E-05   50.3756104       9.06011200    
  -1.98233593E-05   49.9862671       9.07011223    
  -1.98452162E-05   49.5960083       9.08011246    
  -1.98670732E-05   49.2047424       9.09011269    
  -1.98889284E-05   48.8125000       9.10011292    
  -1.99107853E-05   48.4192505       9.11011314    
  -1.99326405E-05   48.0250854       9.12011337    
  -1.99544975E-05   47.6298828       9.13011360    
  -1.99763526E-05   47.2337036       9.14011383    
  -1.99982096E-05   46.8366089       9.15011406    
  -2.00200666E-05   46.4384460       9.16011429    
  -2.00419217E-05   46.0393677       9.17011452    
  -2.00637787E-05   45.6392517       9.18011475    
  -2.00856339E-05   45.2381897       9.19011497    
  -2.01074909E-05   44.8361511       9.20011520    
  -2.01293460E-05   44.4331055       9.21011543    
  -2.01512030E-05   44.0291138       9.22011566    
  -2.01730600E-05   43.6241150       9.23011589    
  -2.01949151E-05   43.2181091       9.24011612    
  -2.02167721E-05   42.8111877       9.25011635    
  -2.02386273E-05   42.4032288       9.26011658    
  -2.02604842E-05   41.9943237       9.27011681    
  -2.02823394E-05   41.5844421       9.28011703    
  -2.03041964E-05   41.1735535       9.29011726    
  -2.03260533E-05   40.7616882       9.30011749    
  -2.03479085E-05   40.3488464       9.31011772    
  -2.03697655E-05   39.9350281       9.32011795    
  -2.03916206E-05   39.5202332       9.33011818    
  -2.04134776E-05   39.1044312       9.34011841    
  -2.04353328E-05   38.6876526       9.35011864    
  -2.04571897E-05   38.2699280       9.36011887    
  -2.04790467E-05   37.8511658       9.37011909    
  -2.05009019E-05   37.4314880       9.38011932    
  -2.05227589E-05   37.0108032       9.39011955    
  -2.05446140E-05   36.5891113       9.40011978    
  -2.05664710E-05   36.1665039       9.41012001    
  -2.05883262E-05   35.7428284       9.42012024    
  -2.06101831E-05   35.3182373       9.43012047    
  -2.06320401E-05   34.8926392       9.44012070    
  -2.06538953E-05   34.4660645       9.45012093    
  -2.06757522E-05   34.0384827       9.46012115    
  -2.06976074E-05   33.6099548       9.47012138    
  -2.07194644E-05   33.1804199       9.48012161    
  -2.07413195E-05   32.7499390       9.49012184    
  -2.07631765E-05   32.3184509       9.50012207    
  -2.07850317E-05   31.8859863       9.51012230    
  -2.08068886E-05   31.4525757       9.52012253    
  -2.08287456E-05   31.0181274       9.53012276    
  -2.08506008E-05   30.5827637       9.54012299    
  -2.08724578E-05   30.1463318       9.55012321    
  -2.08943129E-05   29.7089844       9.56012344    
  -2.09161699E-05   29.2706299       9.57012367    
  -2.09380250E-05   28.8312988       9.58012390    
  -2.09598820E-05   28.3909607       9.59012413    
  -2.09817390E-05   27.9497070       9.60012436    
  -2.10035942E-05   27.5073853       9.61012459    
  -2.10254511E-05   27.0641479       9.62012482    
  -2.10473063E-05   26.6199341       9.63012505    
  -2.10691633E-05   26.1747131       9.64012527    
  -2.10910184E-05   25.7285461       9.65012550    
  -2.11128754E-05   25.2813416       9.66012573    
  -2.11347324E-05   24.8331604       9.67012596    
  -2.11565875E-05   24.3840332       9.68012619    
  -2.11784445E-05   23.9339294       9.69012642    
  -2.12002997E-05   23.4828186       9.70012665    
  -2.12221566E-05   23.0307312       9.71012688    
  -2.12440118E-05   22.5776367       9.72012711    
  -2.12658688E-05   22.1236267       9.73012733    
  -2.12877258E-05   21.6685791       9.74012756    
  -2.13095809E-05   21.2125854       9.75012779    
  -2.13314379E-05   20.7556152       9.76012802    
  -2.13532931E-05   20.2976074       9.77012825    
  -2.13751500E-05   19.8386841       9.78012848    
  -2.13970052E-05   19.3787537       9.79012871    
  -2.14188622E-05   18.9178467       9.80012894    
  -2.14407191E-05   18.4559326       9.81012917    
  -2.14625743E-05   17.9930725       9.82012939    
  -2.14844313E-05   17.5291748       9.83012962    
  -2.15062864E-05   17.0643921       9.84012985    
  -2.15281434E-05   16.5985413       9.85013008    
  -2.15499986E-05   16.1317749       9.86013031    
  -2.15718555E-05   15.6640015       9.87013054    
  -2.15937125E-05   15.1951904       9.88013077    
  -2.16155677E-05   14.7254944       9.89013100    
  -2.16374247E-05   14.2547302       9.90013123    
  -2.16592798E-05   13.7830505       9.91013145    
  -2.16811368E-05   13.3103638       9.92013168    
  -2.17029919E-05   12.8367004       9.93013191    
  -2.17248489E-05   12.3620300       9.94013214    
  -2.17467059E-05   11.8864136       9.95013237    
  -2.17685611E-05   11.4097900       9.96013260    
  -2.17904180E-05   10.9322205       9.97013283    
  -2.18122732E-05   10.4536133       9.98013306    
  -2.18341302E-05   9.97409058       9.99013329    
  -2.18559853E-05   9.49359131       10.0001335    
  -2.18778423E-05   9.01202393       10.0101337    
  -2.18996993E-05   8.52957153       10.0201340    
  -2.19215544E-05   8.04605103       10.0301342    
  -2.19434114E-05   7.56161499       10.0401344    
  -2.19652666E-05   7.07617188       10.0501347    
  -2.19871235E-05   6.58975220       10.0601349    
  -2.20089787E-05   6.10232544       10.0701351    
  -2.20308357E-05   5.61398315       10.0801353    
  -2.20526927E-05   5.12457275       10.0901356    
  -2.20745478E-05   4.63424683       10.1001358    
  -2.20964048E-05   4.14297485       10.1101360    
  -2.21182599E-05   3.65063477       10.1201363    
  -2.21401169E-05   3.15737915       10.1301365    
  -2.21619721E-05   2.66305542       10.1401367    
  -2.21838291E-05   2.16781616       10.1501369    
  -2.22056860E-05   1.67160034       10.1601372    
  -2.22275412E-05   1.17437744       10.1701374    
  -2.22493982E-05  0.676208496       10.1801376    
  -2.22712533E-05  0.177032471       10.1901379    
  -2.22931103E-05 -0.323150635       10.2001381    
