  0.216506347      0.124509498       9.99999978E-03
  0.433012694      0.248037994       1.99999996E-02
  0.649519026      0.370585501       2.99999993E-02
  0.866025388      0.492152005       3.99999991E-02
   1.08253169      0.612737417       4.99999970E-02
   1.29903793      0.732341945       5.99999949E-02
   1.51554430      0.850965381       6.99999928E-02
   1.73205054      0.968607903       7.99999908E-02
   1.94855690       1.08526933       8.99999887E-02
   2.16506314       1.20094991       9.99999866E-02
   2.38156939       1.31564927      0.109999985    
   2.59807587       1.42936778      0.119999982    
   2.81458211       1.54210532      0.129999980    
   3.03108859       1.65386176      0.139999986    
   3.24759507       1.76463735      0.149999991    
   3.46410155       1.87443197      0.159999996    
   3.68060803       1.98324549      0.170000002    
   3.89711452       2.09107804      0.180000007    
   4.11362076       2.19792962      0.190000013    
   4.33012724       2.30380011      0.200000018    
   4.54663372       2.40868974      0.210000023    
   4.76314020       2.51259851      0.220000029    
   4.97964668       2.61552596      0.230000034    
   5.19615316       2.71747231      0.240000039    
   5.41265917       2.81843781      0.250000030    
   5.62916565       2.91842222      0.260000020    
   5.84567165       3.01742578      0.270000011    
   6.06217766       3.11544800      0.280000001    
   6.27868414       3.21248960      0.289999992    
   6.49519014       3.30854988      0.299999982    
   6.71169615       3.40362930      0.309999973    
   6.92820215       3.49772763      0.319999963    
   7.14470863       3.59084511      0.329999954    
   7.36121464       3.68298173      0.339999944    
   7.57772064       3.77413678      0.349999934    
   7.79422712       3.86431122      0.359999925    
   8.01073265       3.95350480      0.369999915    
   8.22723961       4.04171753      0.379999906    
   8.44374561       4.12894821      0.389999896    
   8.66025162       4.21519899      0.399999887    
   8.87675762       4.30046844      0.409999877    
   9.09326363       4.38475704      0.419999868    
   9.30976963       4.46806431      0.429999858    
   9.52627563       4.55039072      0.439999849    
   9.74278259       4.63173628      0.449999839    
   9.95928860       4.71210098      0.459999830    
   10.1757946       4.79148388      0.469999820    
   10.3923006       4.86988640      0.479999810    
   10.6088066       4.94730806      0.489999801    
   10.8253126       5.02374840      0.499999791    
   11.0418196       5.09920788      0.509999812    
   11.2583256       5.17368650      0.519999802    
   11.4748316       5.24718380      0.529999793    
   11.6913385       5.31970024      0.539999783    
   11.9078445       5.39123583      0.549999774    
   12.1243505       5.46179008      0.559999764    
   12.3408566       5.53136396      0.569999754    
   12.5573626       5.59995604      0.579999745    
   12.7738686       5.66756773      0.589999735    
   12.9903746       5.73419809      0.599999726    
   13.2068815       5.79984760      0.609999716    
   13.4233875       5.86451578      0.619999707    
   13.6398935       5.92820358      0.629999697    
   13.8563995       5.99091005      0.639999688    
   14.0729055       6.05263567      0.649999678    
   14.2894115       6.11338043      0.659999669    
   14.5059175       6.17314386      0.669999659    
   14.7224245       6.23192549      0.679999650    
   14.9389305       6.28972721      0.689999640    
   15.1554365       6.34654760      0.699999630    
   15.3719425       6.40238762      0.709999621    
   15.5884485       6.45724583      0.719999611    
   15.8049545       6.51112366      0.729999602    
   16.0214615       6.56402016      0.739999592    
   16.2379665       6.61593533      0.749999583    
   16.4544735       6.66686916      0.759999573    
   16.6709785       6.71682262      0.769999564    
   16.8874855       6.76579571      0.779999554    
   17.1039925       6.81378746      0.789999545    
   17.3204975       6.86079788      0.799999535    
   17.5370045       6.90682745      0.809999526    
   17.7535095       6.95187616      0.819999516    
   17.9700165       6.99594355      0.829999506    
   18.1865215       7.03902912      0.839999497    
   18.4030285       7.08113480      0.849999487    
   18.6195354       7.12225962      0.859999478    
   18.8360405       7.16240311      0.869999468    
   19.0525475       7.20156574      0.879999459    
   19.2690525       7.23974752      0.889999449    
   19.4855595       7.27694798      0.899999440    
   19.7020645       7.31316805      0.909999430    
   19.9185715       7.34840536      0.919999421    
   20.1350784       7.38266277      0.929999411    
   20.3515835       7.41593981      0.939999402    
   20.5680904       7.44823551      0.949999392    
   20.7845955       7.47955036      0.959999382    
   21.0011024       7.50988340      0.969999373    
   21.2176075       7.53923607      0.979999363    
   21.4341145       7.56760788      0.989999354    
   21.6506214       7.59499788      0.999999344    
   21.8671284       7.62140751       1.00999939    
   22.0836334       7.64683628       1.01999938    
   22.3001404       7.67128372       1.02999938    
   22.5166473       7.69475031       1.03999937    
   22.7331524       7.71723604       1.04999936    
   22.9496593       7.73873997       1.05999935    
   23.1661644       7.75926399       1.06999934    
   23.3826714       7.77880621       1.07999933    
   23.5991764       7.79736805       1.08999932    
   23.8156834       7.81494856       1.09999931    
   24.0321903       7.83154821       1.10999930    
   24.2486954       7.84716702       1.11999929    
   24.4652023       7.86180449       1.12999928    
   24.6817074       7.87546015       1.13999927    
   24.8982143       7.88813591       1.14999926    
   25.1147194       7.89983082       1.15999925    
   25.3312263       7.91054487       1.16999924    
   25.5477333       7.92027664       1.17999923    
   25.7642384       7.92902851       1.18999922    
   25.9807453       7.93679953       1.19999921    
   26.1972504       7.94358921       1.20999920    
   26.4137573       7.94939661       1.21999919    
   26.6302624       7.95422459       1.22999918    
   26.8467693       7.95807123       1.23999918    
   27.0632763       7.96093702       1.24999917    
   27.2797813       7.96282196       1.25999916    
   27.4962883       7.96372509       1.26999915    
   27.7127934       7.96364784       1.27999914    
   27.9293003       7.96258831       1.28999913    
   28.1458054       7.96054935       1.29999912    
   28.3623123       7.95752907       1.30999911    
   28.5788193       7.95352745       1.31999910    
   28.7953243       7.94854546       1.32999909    
   29.0118313       7.94258213       1.33999908    
   29.2283363       7.93563843       1.34999907    
   29.4448433       7.92771339       1.35999906    
   29.6613483       7.91880608       1.36999905    
   29.8778553       7.90891933       1.37999904    
   30.0943623       7.89805126       1.38999903    
   30.3108673       7.88620186       1.39999902    
   30.5273743       7.87337112       1.40999901    
   30.7438793       7.85955811       1.41999900    
   30.9603863       7.84476566       1.42999899    
   31.1768913       7.82899284       1.43999898    
   31.3933983       7.81223869       1.44999897    
   31.6099052       7.79450321       1.45999897    
   31.8264103       7.77578640       1.46999896    
   32.0429153       7.75608921       1.47999895    
   32.2594223       7.73541164       1.48999894    
   32.4759293       7.71375275       1.49999893    
   32.6924362       7.69111156       1.50999892    
   32.9089394       7.66749001       1.51999891    
   33.1254463       7.64288807       1.52999890    
   33.3419533       7.61730480       1.53999889    
   33.5584602       7.59074020       1.54999888    
   33.7749672       7.56319523       1.55999887    
   33.9914703       7.53466892       1.56999886    
   34.2079773       7.50516033       1.57999885    
   34.4244843       7.47467232       1.58999884    
   34.6409912       7.44320202       1.59999883    
   34.8574982       7.41075230       1.60999882    
   35.0740013       7.37732124       1.61999881    
   35.2905083       7.34290886       1.62999880    
   35.5070152       7.30751610       1.63999879    
   35.7235222       7.27114105       1.64999878    
   35.9400253       7.23378658       1.65999877    
   36.1565323       7.19544983       1.66999876    
   36.3730392       7.15613174       1.67999876    
   36.5895462       7.11583519       1.68999875    
   36.8060532       7.07455540       1.69999874    
   37.0225563       7.03229618       1.70999873    
   37.2390633       6.98905373       1.71999872    
   37.4555702       6.94483089       1.72999871    
   37.6720772       6.89962673       1.73999870    
   37.8885841       6.85344219       1.74999869    
   38.1050873       6.80627823       1.75999868    
   38.3215942       6.75813103       1.76999867    
   38.5381012       6.70900345       1.77999866    
   38.7546082       6.65889549       1.78999865    
   38.9711113       6.60780621       1.79999864    
   39.1876183       6.55573463       1.80999863    
   39.4041252       6.50268555       1.81999862    
   39.6206322       6.44865227       1.82999861    
   39.8371391       6.39364052       1.83999860    
   40.0536423       6.33764458       1.84999859    
   40.2701492       6.28066826       1.85999858    
   40.4866562       6.22271347       1.86999857    
   40.7031631       6.16377640       1.87999856    
   40.9196701       6.10385895       1.88999856    
   41.1361732       6.04295731       1.89999855    
   41.3526802       5.98107719       1.90999854    
   41.5691872       5.91821671       1.91999853    
   41.7856941       5.85437393       1.92999852    
   42.0021973       5.78955078       1.93999851    
   42.2187042       5.72374725       1.94999850    
   42.4352112       5.65695953       1.95999849    
   42.6517181       5.58919525       1.96999848    
   42.8682251       5.52044678       1.97999847    
   43.0847282       5.45071983       1.98999846    
   43.3012352       5.38001060       1.99999845    
   43.5177460       5.30832100       2.00999856    
   43.7342491       5.23564720       2.01999855    
   43.9507561       5.16199493       2.02999854    
   44.1672630       5.08736229       2.03999853    
   44.3837700       5.01174736       2.04999852    
   44.6002769       4.93515205       2.05999851    
   44.8167801       4.85757637       2.06999850    
   45.0332870       4.77902031       2.07999849    
   45.2497940       4.69948006       2.08999848    
   45.4663010       4.61896133       2.09999847    
   45.6828079       4.53746223       2.10999846    
   45.8993111       4.45498085       2.11999846    
   46.1158180       4.37151718       2.12999845    
   46.3323250       4.28707504       2.13999844    
   46.5488319       4.20165062       2.14999843    
   46.7653351       4.11524582       2.15999842    
   46.9818420       4.02785873       2.16999841    
   47.1983490       3.93949127       2.17999840    
   47.4148560       3.85014153       2.18999839    
   47.6313629       3.75981331       2.19999838    
   47.8478661       3.66850281       2.20999837    
   48.0643730       3.57621193       2.21999836    
   48.2808800       3.48293877       2.22999835    
   48.4973869       3.38868713       2.23999834    
   48.7138939       3.29345131       2.24999833    
   48.9303970       3.19723892       2.25999832    
   49.1469040       3.10004044       2.26999831    
   49.3634109       3.00186348       2.27999830    
   49.5799179       2.90270615       2.28999829    
   49.7964211       2.80256653       2.29999828    
   50.0129280       2.70144653       2.30999827    
   50.2294350       2.59934616       2.31999826    
   50.4459419       2.49626160       2.32999825    
   50.6624489       2.39219856       2.33999825    
   50.8789520       2.28715324       2.34999824    
   51.0954590       2.18112946       2.35999823    
   51.3119659       2.07412338       2.36999822    
   51.5284729       1.96613503       2.37999821    
   51.7449799       1.85716820       2.38999820    
   51.9614830       1.74721909       2.39999819    
   52.1779900       1.63628960       2.40999818    
   52.3944969       1.52437782       2.41999817    
   52.6110039       1.41148376       2.42999816    
   52.8275070       1.29761314       2.43999815    
   53.0440140       1.18275833       2.44999814    
   53.2605209       1.06692123       2.45999813    
   53.4770279      0.950107574       2.46999812    
   53.6935349      0.832309723       2.47999811    
   53.9100380      0.713533401       2.48999810    
   54.1265450      0.593772888       2.49999809    
   54.3430519      0.473030090       2.50999808    
   54.5595589      0.351310730       2.51999807    
   54.7760658      0.228607178       2.52999806    
   54.9925690      0.104925156       2.53999805    
   55.2090759      -1.97391510E-02   2.54999804    
