  0.176776692      0.176286191       9.99999978E-03
  0.353553385      0.351591378       1.99999996E-02
  0.530330062      0.525915563       2.99999993E-02
  0.707106769      0.699258745       3.99999991E-02
  0.883883417      0.871620893       4.99999970E-02
   1.06066012       1.04300213       5.99999949E-02
   1.23743677       1.21340227       6.99999928E-02
   1.41421342       1.38282144       7.99999908E-02
   1.59099007       1.55125952       8.99999887E-02
   1.76776671       1.71871674       9.99999866E-02
   1.94454336       1.88519287      0.109999985    
   2.12132001       2.05068803      0.119999982    
   2.29809666       2.21520209      0.129999980    
   2.47487354       2.37873554      0.139999986    
   2.65165019       2.54128766      0.149999991    
   2.82842708       2.70285916      0.159999996    
   3.00520396       2.86344957      0.170000002    
   3.18198061       3.02305865      0.180000007    
   3.35875750       3.18168688      0.190000013    
   3.53553414       3.33933401      0.200000018    
   3.71231103       3.49600053      0.210000023    
   3.88908792       3.65168595      0.220000029    
   4.06586456       3.80639005      0.230000034    
   4.24264145       3.96011329      0.240000039    
   4.41941786       4.11285543      0.250000030    
   4.59619427       4.26461601      0.260000020    
   4.77297115       4.41539669      0.270000011    
   4.94974756       4.56519556      0.280000001    
   5.12652397       4.71401358      0.289999992    
   5.30330038       4.86185026      0.299999982    
   5.48007727       5.00870705      0.309999973    
   5.65685368       5.15458202      0.319999963    
   5.83363008       5.29947567      0.329999954    
   6.01040649       5.44338846      0.339999944    
   6.18718338       5.58632088      0.349999934    
   6.36395979       5.72827196      0.359999925    
   6.54073620       5.86924219      0.369999915    
   6.71751261       6.00923109      0.379999906    
   6.89428949       6.14823914      0.389999896    
   7.07106590       6.28626633      0.399999887    
   7.24784231       6.42331219      0.409999877    
   7.42461872       6.55937719      0.419999868    
   7.60139561       6.69446182      0.429999858    
   7.77817202       6.82856464      0.439999849    
   7.95494843       6.96168661      0.449999839    
   8.13172531       7.09382820      0.459999830    
   8.30850124       7.22498751      0.469999820    
   8.48527813       7.35516691      0.479999810    
   8.66205502       7.48436546      0.489999801    
   8.83883095       7.61258173      0.499999791    
   9.01560783       7.73981810      0.509999812    
   9.19238472       7.86607361      0.519999802    
   9.36916161       7.99134827      0.529999793    
   9.54593754       8.11564064      0.539999783    
   9.72271442       8.23895264      0.549999774    
   9.89949036       8.36128330      0.559999764    
   10.0762672       8.48263359      0.569999754    
   10.2530441       8.60300350      0.579999745    
   10.4298201       8.72239113      0.589999735    
   10.6065969       8.84079838      0.599999726    
   10.7833738       8.95822525      0.609999716    
   10.9601498       9.07466984      0.619999707    
   11.1369267       9.19013405      0.629999697    
   11.3137026       9.30461693      0.639999688    
   11.4904795       9.41811943      0.649999678    
   11.6672564       9.53064060      0.659999669    
   11.8440323       9.64217949      0.669999659    
   12.0208092       9.75273895      0.679999650    
   12.1975861       9.86231804      0.689999640    
   12.3743620       9.97091484      0.699999630    
   12.5511389       10.0785313      0.709999621    
   12.7279148       10.1851654      0.719999611    
   12.9046917       10.2908201      0.729999602    
   13.0814686       10.3954935      0.739999592    
   13.2582445       10.4991846      0.749999583    
   13.4350214       10.6018963      0.759999573    
   13.6117983       10.7036266      0.769999564    
   13.7885742       10.8043756      0.779999554    
   13.9653511       10.9041443      0.789999545    
   14.1421270       11.0029306      0.799999535    
   14.3189039       11.1007366      0.809999526    
   14.4956808       11.1975632      0.819999516    
   14.6724567       11.2934055      0.829999506    
   14.8492336       11.3882694      0.839999497    
   15.0260096       11.4821510      0.849999487    
   15.2027864       11.5750523      0.859999478    
   15.3795633       11.6669731      0.869999468    
   15.5563393       11.7579117      0.879999459    
   15.7331161       11.8478699      0.889999449    
   15.9098930       11.9368477      0.899999440    
   16.0866699       12.0248451      0.909999430    
   16.2634449       12.1118584      0.919999421    
   16.4402218       12.1978922      0.929999411    
   16.6169987       12.2829456      0.939999402    
   16.7937756       12.3670187      0.949999392    
   16.9705524       12.4501104      0.959999382    
   17.1473274       12.5322189      0.969999373    
   17.3241043       12.6133480      0.979999363    
   17.5008812       12.6934967      0.989999354    
   17.6776581       12.7726650      0.999999344    
   17.8544350       12.8508501       1.00999939    
   18.0312119       12.9280558       1.01999938    
   18.2079887       13.0042801       1.02999938    
   18.3847656       13.0795231       1.03999937    
   18.5615425       13.1537857       1.04999936    
   18.7383175       13.2270660       1.05999935    
   18.9150944       13.2993670       1.06999934    
   19.0918713       13.3706856       1.07999933    
   19.2686481       13.4410248       1.08999932    
   19.4454250       13.5103817       1.09999931    
   19.6222000       13.5787563       1.10999930    
   19.7989769       13.6461525       1.11999929    
   19.9757538       13.7125664       1.12999928    
   20.1525307       13.7779999       1.13999927    
   20.3293076       13.8424530       1.14999926    
   20.5060825       13.9059229       1.15999925    
   20.6828594       13.9684143       1.16999924    
   20.8596363       14.0299225       1.17999923    
   21.0364132       14.0904512       1.18999922    
   21.2131901       14.1499996       1.19999921    
   21.3899670       14.2085657       1.20999920    
   21.5667419       14.2661495       1.21999919    
   21.7435188       14.3227539       1.22999918    
   21.9202957       14.3783779       1.23999918    
   22.0970726       14.4330196       1.24999917    
   22.2738495       14.4866819       1.25999916    
   22.4506245       14.5393600       1.26999915    
   22.6274014       14.5910597       1.27999914    
   22.8041782       14.6417780       1.28999913    
   22.9809551       14.6915159       1.29999912    
   23.1577320       14.7402725       1.30999911    
   23.3345070       14.7880459       1.31999910    
   23.5112839       14.8348408       1.32999909    
   23.6880608       14.8806543       1.33999908    
   23.8648376       14.9254875       1.34999907    
   24.0416145       14.9693394       1.35999906    
   24.2183914       15.0122089       1.36999905    
   24.3951664       15.0540972       1.37999904    
   24.5719433       15.0950060       1.38999903    
   24.7487202       15.1349335       1.39999902    
   24.9254971       15.1738796       1.40999901    
   25.1022739       15.2118454       1.41999900    
   25.2790489       15.2488279       1.42999899    
   25.4558258       15.2848320       1.43999898    
   25.6326027       15.3198547       1.44999897    
   25.8093796       15.3538961       1.45999897    
   25.9861565       15.3869562       1.46999896    
   26.1629314       15.4190340       1.47999895    
   26.3397083       15.4501333       1.48999894    
   26.5164852       15.4802513       1.49999893    
   26.6932621       15.5093870       1.50999892    
   26.8700390       15.5375423       1.51999891    
   27.0468140       15.5647154       1.52999890    
   27.2235909       15.5909090       1.53999889    
   27.4003677       15.6161213       1.54999888    
   27.5771446       15.6403532       1.55999887    
   27.7539215       15.6636038       1.56999886    
   27.9306984       15.6858740       1.57999885    
   28.1074734       15.7071609       1.58999884    
   28.2842503       15.7274675       1.59999883    
   28.4610271       15.7467947       1.60999882    
   28.6378040       15.7651405       1.61999881    
   28.8145809       15.7825050       1.62999880    
   28.9913559       15.7988873       1.63999879    
   29.1681328       15.8142891       1.64999878    
   29.3449097       15.8287115       1.65999877    
   29.5216866       15.8421516       1.66999876    
   29.6984634       15.8546104       1.67999876    
   29.8752384       15.8660889       1.68999875    
   30.0520153       15.8765860       1.69999874    
   30.2287922       15.8861036       1.70999873    
   30.4055691       15.8946381       1.71999872    
   30.5823460       15.9021921       1.72999871    
   30.7591228       15.9087667       1.73999870    
   30.9358978       15.9143572       1.74999869    
   31.1126747       15.9189701       1.75999868    
   31.2894516       15.9225998       1.76999867    
   31.4662285       15.9252491       1.77999866    
   31.6430054       15.9269180       1.78999865    
   31.8197803       15.9276037       1.79999864    
   31.9965572       15.9273090       1.80999863    
   32.1733360       15.9260387       1.81999862    
   32.3501091       15.9237785       1.82999861    
   32.5268860       15.9205437       1.83999860    
   32.7036629       15.9163246       1.84999859    
   32.8804398       15.9111252       1.85999858    
   33.0572166       15.9049473       1.86999857    
   33.2339935       15.8977871       1.87999856    
   33.4107704       15.8896465       1.88999856    
   33.5875473       15.8805237       1.89999855    
   33.7643242       15.8704205       1.90999854    
   33.9411011       15.8593369       1.91999853    
   34.1178741       15.8472672       1.92999852    
   34.2946510       15.8342209       1.93999851    
   34.4714279       15.8201942       1.94999850    
   34.6482048       15.8051834       1.95999849    
   34.8249817       15.7891960       1.96999848    
   35.0017586       15.7722244       1.97999847    
   35.1785355       15.7542744       1.98999846    
   35.3553123       15.7353420       1.99999845    
   35.5320892       15.7154274       2.00999856    
   35.7088661       15.6945324       2.01999855    
   35.8856430       15.6726570       2.02999854    
   36.0624199       15.6498013       2.03999853    
   36.2391968       15.6259632       2.04999852    
   36.4159737       15.6011448       2.05999851    
   36.5927505       15.5753460       2.06999850    
   36.7695274       15.5485668       2.07999849    
   36.9463043       15.5208035       2.08999848    
   37.1230774       15.4920578       2.09999847    
   37.2998543       15.4623356       2.10999846    
   37.4766312       15.4316311       2.11999846    
   37.6534081       15.3999443       2.12999845    
   37.8301849       15.3672791       2.13999844    
   38.0069618       15.3336315       2.14999843    
   38.1837387       15.2990036       2.15999842    
   38.3605156       15.2633934       2.16999841    
   38.5372925       15.2268028       2.17999840    
   38.7140694       15.1892319       2.18999839    
   38.8908424       15.1506767       2.19999838    
   39.0676193       15.1111431       2.20999837    
   39.2443962       15.0706291       2.21999836    
   39.4211731       15.0291328       2.22999835    
   39.5979500       14.9866581       2.23999834    
   39.7747269       14.9431992       2.24999833    
   39.9515038       14.8987637       2.25999832    
   40.1282806       14.8533421       2.26999831    
   40.3050575       14.8069420       2.27999830    
   40.4818344       14.7595615       2.28999829    
   40.6586113       14.7111988       2.29999828    
   40.8353844       14.6618519       2.30999827    
   41.0121613       14.6115284       2.31999826    
   41.1889381       14.5602207       2.32999825    
   41.3657150       14.5079365       2.33999825    
   41.5424919       14.4546680       2.34999824    
   41.7192688       14.4004211       2.35999823    
   41.8960457       14.3451920       2.36999822    
   42.0728226       14.2889805       2.37999821    
   42.2495995       14.2317905       2.38999820    
   42.4263763       14.1736183       2.39999819    
   42.6031532       14.1144657       2.40999818    
   42.7799263       14.0543270       2.41999817    
   42.9567032       13.9932098       2.42999816    
   43.1334801       13.9311161       2.43999815    
   43.3102570       13.8680382       2.44999814    
   43.4870338       13.8039780       2.45999813    
   43.6638107       13.7389412       2.46999812    
   43.8405876       13.6729202       2.47999811    
   44.0173645       13.6059208       2.48999810    
   44.1941414       13.5379372       2.49999809    
   44.3709183       13.4689732       2.50999808    
   44.5476913       13.3990269       2.51999807    
   44.7244682       13.3281002       2.52999806    
   44.9012451       13.2561951       2.53999805    
   45.0780220       13.1833076       2.54999804    
   45.2547989       13.1094360       2.55999804    
   45.4315758       13.0345917       2.56999803    
   45.6083527       12.9587593       2.57999802    
   45.7851295       12.8819504       2.58999801    
   45.9619064       12.8041573       2.59999800    
   46.1386833       12.7253838       2.60999799    
   46.3154602       12.6456299       2.61999798    
   46.4922333       12.5648880       2.62999797    
   46.6690102       12.4831734       2.63999796    
   46.8457870       12.4004745       2.64999795    
   47.0225639       12.3167992       2.65999794    
   47.1993408       12.2321396       2.66999793    
   47.3761177       12.1464996       2.67999792    
   47.5528946       12.0598793       2.68999791    
   47.7296715       11.9722748       2.69999790    
   47.9064484       11.8836899       2.70999789    
   48.0832253       11.7941284       2.71999788    
   48.2599983       11.7035789       2.72999787    
   48.4367752       11.6120529       2.73999786    
   48.6135521       11.5195465       2.74999785    
   48.7903290       11.4260559       2.75999784    
   48.9671059       11.3315887       2.76999784    
   49.1438828       11.2361374       2.77999783    
   49.3206596       11.1397057       2.78999782    
   49.4974365       11.0422935       2.79999781    
   49.6742134       10.9439011       2.80999780    
   49.8509903       10.8445282       2.81999779    
   50.0277672       10.7441711       2.82999778    
   50.2045403       10.6428299       2.83999777    
   50.3813171       10.5405159       2.84999776    
   50.5580940       10.4372177       2.85999775    
   50.7348709       10.3329391       2.86999774    
   50.9116478       10.2276764       2.87999773    
   51.0884247       10.1214371       2.88999772    
   51.2652016       10.0142136       2.89999771    
   51.4419785       9.90600967       2.90999770    
   51.6187553       9.79682922       2.91999769    
   51.7955322       9.68666077       2.92999768    
   51.9723091       9.57551575       2.93999767    
   52.1490822       9.46338654       2.94999766    
   52.3258591       9.35027695       2.95999765    
   52.5026360       9.23619080       2.96999764    
   52.6794128       9.12111664       2.97999763    
   52.8561897       9.00506592       2.98999763    
   53.0329666       8.88803482       2.99999762    
   53.2097435       8.77001953       3.00999761    
   53.3865204       8.65102768       3.01999760    
   53.5632973       8.53105164       3.02999759    
   53.7400742       8.41009521       3.03999758    
   53.9168472       8.28815460       3.04999757    
   54.0936241       8.16523743       3.05999756    
   54.2704010       8.04133987       3.06999755    
   54.4471779       7.91645813       3.07999754    
   54.6239548       7.79059601       3.08999753    
   54.8007317       7.66375732       3.09999752    
   54.9775085       7.53593063       3.10999751    
   55.1542854       7.40712738       3.11999750    
   55.3310623       7.27734375       3.12999749    
   55.5078392       7.14657593       3.13999748    
   55.6846161       7.01483154       3.14999747    
   55.8613892       6.88209915       3.15999746    
   56.0381660       6.74838638       3.16999745    
   56.2149429       6.61370087       3.17999744    
   56.3917198       6.47802734       3.18999743    
   56.5684967       6.34137726       3.19999743    
   56.7452736       6.20374298       3.20999742    
   56.9220505       6.06512833       3.21999741    
   57.0988274       5.92553329       3.22999740    
   57.2756042       5.78495789       3.23999739    
   57.4523811       5.64340210       3.24999738    
   57.6291580       5.50086212       3.25999737    
   57.8059311       5.35734177       3.26999736    
   57.9827080       5.21283722       3.27999735    
   58.1594849       5.06735611       3.28999734    
   58.3362617       4.92089844       3.29999733    
   58.5130386       4.77344894       3.30999732    
   58.6898155       4.62502670       3.31999731    
   58.8665924       4.47562408       3.32999730    
   59.0433693       4.32524109       3.33999729    
   59.2201462       4.17387009       3.34999728    
   59.3969231       4.02152252       3.35999727    
   59.5736961       3.86819077       3.36999726    
   59.7504730       3.71387863       3.37999725    
   59.9272499       3.55858994       3.38999724    
   60.1040268       3.40231705       3.39999723    
   60.2808037       3.24505997       3.40999722    
   60.4575806       3.08683014       3.41999722    
   60.6343575       2.92761612       3.42999721    
   60.8111343       2.76742172       3.43999720    
   60.9879112       2.60623932       3.44999719    
   61.1646881       2.44408417       3.45999718    
   61.3414650       2.28094864       3.46999717    
   61.5182381       2.11681747       3.47999716    
   61.6950150       1.95172119       3.48999715    
   61.8717918       1.78564072       3.49999714    
   62.0485687       1.61857224       3.50999713    
   62.2253456       1.45053101       3.51999712    
   62.4021225       1.28150558       3.52999711    
   62.5788994       1.11150360       3.53999710    
   62.7556763      0.940509796       3.54999709    
   62.9324532      0.768543243       3.55999708    
   63.1092300      0.595596313       3.56999707    
   63.2860031      0.421661377       3.57999706    
   63.4627800      0.246749878       3.58999705    
   63.6395569       7.08618164E-02   3.59999704    
   63.8163338     -0.106018066       3.60999703    
